0 January 2000
1 February 2000
2 March 2000
3 April 2000
4 May 2000
5 June 2000
6 July 2000
7 August 2000
8 September 2000
9 October 2000
10 November 2000
11 December 2000

12/12 = year 0
13/12 = year 1 1.0833333333
14/12 1.1666666667
15 1.25
 1.3333333333
 1.4166666667
 1.5
 1.5833333333
 1.6666666667

12 January 2001 0
13 February 2001 1.0833333333
14 March 2000 1.1666666667
15 April 2000 1.25
16 May 2000 1.3333333333
17 June 2000 1.4166666667
18 July 2000 1.5
19 August 2000 1.5833333333
20 September 2000 1.6666666667
21 October 2000 1.75
22 November 2000 1.8333333333
23 December 2000 1.9166666667
24 January 2002 0
25 Feb 2003 2.0833333333